255 255 255 255 255 255 255 255 255 255 255 255 255 255 255 255
255  73  40  40  40  60 255  87 255 114  60  40  40  40  73 255
255  40 213 151 206  24 156 174 137 255  24 206 151 213  40 255
255  40 151   0 135  24  93 249  62 255  24 135   0 151  40 255
255  40 206 135 199  24 166  93 106  88  24 199 135 206  40 255
255  60  24  24  24  46 103 199 181  88  46  24  24  24  60 255
255 114  88  88 177  88  88 105 167  30 239 166  93 156 255 255
255 208  81   6 120 186  19   0 156 105 250 123 199 199  87 255
255  40 118   0 132 186 150 199 199 236 250  30   0 118  87 255
255 255 187 250 177 103 197 199   0 110 152 130  90  68 181 255
255  60  24  24  24  46  88 250 231  79  22 120  30  94 235 255
255  40 206 135 199  24 177  93  93  41 120  63 120 129 141 255
255  40 151   0 135  24  88   2 195  90 254   8 247 252 255 255
255  40 213 151 206  24  88 174 174 219 245 184   0 151 255 255
255  73  40  40  40  60 114  40  40 181 235 154 255 127 255 255
255 255 255 255 255 255 255 255 255 255 255 255 255 255 255 255
255 255 255 255 255 255 255 255 255 255 255 255 255 255 255 255
255  73  40  40  40  60 255  87 255 114  60  40  40  40  73 255
255  40 213 151 206  24 156 174 137 255  24 206 151 213  40 255
255  40 151   0 135  24  93 249  62 255  24 135   0 151  40 255
255  40 206 135 199  24 166  93 106  88  24 199 135 206  40 255
255  60  24  24  24  46 103 199 181  88  46  24  24  24  60 255
255 114  88  88 177  88  88 105 167  30 239 166  93 156 255 255
255 208  81   6 120 186  19   0 156 105 250 123 199 199  87 255
255  40 118   0 132 186 150 199 199 236 250  30   0 118  87 255
255 255 187 250 177 103 197 199   0 110 152 130  90  68 181 255
255  60  24  24  24  46  88 250 231  79  22 120  30  94 235 255
255  40 206 135 199  24 177  93  93  41 120  63 120 129 141 255
255  40 151   0 135  24  88   2 195  90 254   8 247 252 255 255
255  40 213 151 206  24  88 174 174 219 245 184   0 151 255 255
255  73  40  40  40  60 114  40  40 181 235 154 255 127 255 255
255 255 255 255 255 255 255 255 255 255 255 255 255 255 255 255
255 255 255 255 255 255 255 255 255 255 255 255 255 255 255 255
255  73  40  40  40  60 255  87 255 114  60  40  40  40  73 255
255  40 213 151 206  24 156 174 137 255  24 206 151 213  40 255
255  40 151   0 135  24  93 249  62 255  24 135   0 151  40 255
255  40 206 135 199  24 166  93 106  88  24 199 135 206  40 255
255  60  24  24  24  46 103 199 181  88  46  24  24  24  60 255
255 114  88  88 177  88  88 105 167  30 239 166  93 156 255 255
255 208  81   6 120 186  19   0 156 105 250 123 199 199  87 255
255  40 118   0 132 186 150 199 199 236 250  30   0 118  87 255
255 255 187 250 177 103 197 199   0 110 152 130  90  68 181 255
255  60  24  24  24  46  88 250 231  79  22 120  30  94 235 255
255  40 206 135 199  24 177  93  93  41 120  63 120 129 141 255
255  40 151   0 135  24  88   2 195  90 254   8 247 252 255 255
255  40 213 151 206  24  88 174 174 219 245 184   0 151 255 255
255  73  40  40  40  60 114  40  40 181 235 154 255 127 255 255
255 255 255 255 255 255 255 255 255 255 255 255 255 255 255 255

255 255 255 255 255 255 255 255 255 255 255 255 255 255 255 255
255  73  40  40  40  60 255  87  87 181 235 141 255 255 255 255
255  40 213 151 206  24 156 199 118  68  94 129 252 151 127 255
255  40 151   0 135  24  93 199   0  90  30 120 247   0 255 255
255  40 206 135 199  24 166 123  30 130 120  64   8 184 154 255
255  60  24  24  24  46 239 250 250 152  22 120 254 245 235 255
255 114 255 255  88  88  30 105 236 110  79  41  90 219 181 255
255 255 137  62 106 181 167 156 199   0 231  93 195 174  40 255
255  87 174 249  93 199 105   0 199 199 250  93   2 174  40 255
255 255 156  93 166 103  88  19 150 197  88 177  88  88 114 255
255  60  24  24  24  46  88 186 186 103  46  24  24  24  60 255
255  40 206 135 199  24 177 120 132 177  24 199 135 206  40 255
255  40 151   0 135  24  88   6   0 250  24 135   0 151  40 255
255  40 213 151 206  24  88  81 118 187  24 206 151 213  40 255
255  73  40  40  40  60 114 208  40 255  60  40  40  40  73 255
255 255 255 255 255 255 255 255 255 255 255 255 255 255 255 255
255 255 255 255 255 255 255 255 255 255 255 255 255 255 255 255
255  73  40  40  40  60 255  87  87 181 235 141 255 255 255 255
255  40 213 151 206  24 156 199 118  68  94 129 252 151 127 255
255  40 151   0 135  24  93 199   0  90  30 120 247   0 255 255
255  40 206 135 199  24 166 123  30 130 120  64   8 184 154 255
255  60  24  24  24  46 239 250 250 152  22 120 254 245 235 255
255 114 255 255  88  88  30 105 236 110  79  41  90 219 181 255
255 255 137  62 106 181 167 156 199   0 231  93 195 174  40 255
255  87 174 249  93 199 105   0 199 199 250  93   2 174  40 255
255 255 156  93 166 103  88  19 150 197  88 177  88  88 114 255
255  60  24  24  24  46  88 186 186 103  46  24  24  24  60 255
255  40 206 135 199  24 177 120 132 177  24 199 135 206  40 255
255  40 151   0 135  24  88   6   0 250  24 135   0 151  40 255
255  40 213 151 206  24  88  81 118 187  24 206 151 213  40 255
255  73  40  40  40  60 114 208  40 255  60  40  40  40  73 255
255 255 255 255 255 255 255 255 255 255 255 255 255 255 255 255
255 255 255 255 255 255 255 255 255 255 255 255 255 255 255 255
255  73  40  40  40  60 255  87  87 181 235 141 255 255 255 255
255  40 213 151 206  24 156 199 118  68  94 129 252 151 127 255
255  40 151   0 135  24  93 199   0  90  30 120 247   0 255 255
255  40 206 135 199  24 166 123  30 130 120  64   8 184 154 255
255  60  24  24  24  46 239 250 250 152  22 120 254 245 235 255
255 114 255 255  88  88  30 105 236 110  79  41  90 219 181 255
255 255 137  62 106 181 167 156 199   0 231  93 195 174  40 255
255  87 174 249  93 199 105   0 199 199 250  93   2 174  40 255
255 255 156  93 166 103  88  19 150 197  88 177  88  88 114 255
255  60  24  24  24  46  88 186 186 103  46  24  24  24  60 255
255  40 206 135 199  24 177 120 132 177  24 199 135 206  40 255
255  40 151   0 135  24  88   6   0 250  24 135   0 151  40 255
255  40 213 151 206  24  88  81 118 187  24 206 151 213  40 255
255  73  40  40  40  60 114 208  40 255  60  40  40  40  73 255
255 255 255 255 255 255 255 255 255 255 255 255 255 255 255 255

255 255 255 255 255 255 255 255 255 255 255 255 255 255 255 255
255 255 127 255 154 235 181  40  40 114  60  40  40  40  73 255
255 255 151   0 184 245 219 174 174  88  24 206 151 213  40 255
255 255 252 247   8 254  90 195   2  88  24 135   0 151  40 255
255 141 129 120  64 120  41  93  93 177  24 199 135 206  40 255
255 235  94  30 120  22  79 231 250  88  46  24  24  24  60 255
255 181  68  90 130 152 110   0 199 197 103 177 250 187 255 255
255  87 118   0  30 250 236 199 199 150 186 132   0 118  40 255
255  87 199 199 123 250 105 156   0  19 186 120   6  81 208 255
255 255 156  93 166 239  30 167 105  88  88 177  88  88 114 255
255  60  24  24  24  46  88 181 199 103  46  24  24  24  60 255
255  40 206 135 199  24  88 106  93 166  24 199 135 206  40 255
255  40 151   0 135  24 255  62 249  93  24 135   0 151  40 255
255  40 213 151 206  24 255 137 174 156  24 206 151 213  40 255
255  73  40  40  40  60 114 255  87 255  60  40  40  40  73 255
255 255 255 255 255 255 255 255 255 255 255 255 255 255 255 255
255 255 255 255 255 255 255 255 255 255 255 255 255 255 255 255
255 255 127 255 154 235 181  40  40 114  60  40  40  40  73 255
255 255 151   0 184 245 219 174 174  88  24 206 151 213  40 255
255 255 252 247   8 254  90 195   2  88  24 135   0 151  40 255
255 141 129 120  64 120  41  93  93 177  24 199 135 206  40 255
255 235  94  30 120  22  79 231 250  88  46  24  24  24  60 255
255 181  68  90 130 152 110   0 199 197 103 177 250 187 255 255
255  87 118   0  30 250 236 199 199 150 186 132   0 118  40 255
255  87 199 199 123 250 105 156   0  19 186 120   6  81 208 255
255 255 156  93 166 239  30 167 105  88  88 177  88  88 114 255
255  60  24  24  24  46  88 181 199 103  46  24  24  24  60 255
255  40 206 135 199  24  88 106  93 166  24 199 135 206  40 255
255  40 151   0 135  24 255  62 249  93  24 135   0 151  40 255
255  40 213 151 206  24 255 137 174 156  24 206 151 213  40 255
255  73  40  40  40  60 114 255  87 255  60  40  40  40  73 255
255 255 255 255 255 255 255 255 255 255 255 255 255 255 255 255
255 255 255 255 255 255 255 255 255 255 255 255 255 255 255 255
255 255 127 255 154 235 181  40  40 114  60  40  40  40  73 255
255 255 151   0 184 245 219 174 174  88  24 206 151 213  40 255
255 255 252 247   8 254  90 195   2  88  24 135   0 151  40 255
255 141 129 120  64 120  41  93  93 177  24 199 135 206  40 255
255 235  94  30 120  22  79 231 250  88  46  24  24  24  60 255
255 181  68  90 130 152 110   0 199 197 103 177 250 187 255 255
255  87 118   0  30 250 236 199 199 150 186 132   0 118  40 255
255  87 199 199 123 250 105 156   0  19 186 120   6  81 208 255
255 255 156  93 166 239  30 167 105  88  88 177  88  88 114 255
255  60  24  24  24  46  88 181 199 103  46  24  24  24  60 255
255  40 206 135 199  24  88 106  93 166  24 199 135 206  40 255
255  40 151   0 135  24 255  62 249  93  24 135   0 151  40 255
255  40 213 151 206  24 255 137 174 156  24 206 151 213  40 255
255  73  40  40  40  60 114 255  87 255  60  40  40  40  73 255
255 255 255 255 255 255 255 255 255 255 255 255 255 255 255 255

255 255 255 255 255 255 255 255 255 255 255 255 255 255 255 255
255  73  40  40  40  60 255  40 208 114  60  40  40  40  73 255
255  40 213 151 206  24 187 118  81  88  24 206 151 213  40 255
255  40 151   0 135  24 250   0   6  88  24 135   0 151  40 255
255  40 206 135 199  24 177 132 120 177  24 199 135 206  40 255
255  60  24  24  24  46 103 186 186  88  46  24  24  24  60 255
255 114  88  88 177  88 197 150  19  88 103 166  93 156 255 255
255  40 174   2  93 250 199 199   0 105 199  93 249 174  87 255
255  40 174 195  93 231   0 199 156 167 181 106  62 137 255 255
255 181 219  90  41  79 110 236 105  30  88  88 255 255 114 255
255 235 245 254 120  22 152 250 250 239  46  24  24  24  60 255
255 154 184   8  64 120 130  30 123 166  24 199 135 206  40 255
255 255   0 247 120  30  90   0 199  93  24 135   0 151  40 255
255 127 151 252 129  94  68 118 199 156  24 206 151 213  40 255
255 255 255 255 141 235 181  87  87 255  60  40  40  40  73 255
255 255 255 255 255 255 255 255 255 255 255 255 255 255 255 255
255 255 255 255 255 255 255 255 255 255 255 255 255 255 255 255
255  73  40  40  40  60 255  40 208 114  60  40  40  40  73 255
255  40 213 151 206  24 187 118  81  88  24 206 151 213  40 255
255  40 151   0 135  24 250   0   6  88  24 135   0 151  40 255
255  40 206 135 199  24 177 132 120 177  24 199 135 206  40 255
255  60  24  24  24  46 103 186 186  88  46  24  24  24  60 255
255 114  88  88 177  88 197 150  19  88 103 166  93 156 255 255
255  40 174   2  93 250 199 199   0 105 199  93 249 174  87 255
255  40 174 195  93 231   0 199 156 167 181 106  62 137 255 255
255 181 219  90  41  79 110 236 105  30  88  88 255 255 114 255
255 235 245 254 120  22 152 250 250 239  46  24  24  24  60 255
255 154 184   8  64 120 130  30 123 166  24 199 135 206  40 255
255 255   0 247 120  30  90   0 199  93  24 135   0 151  40 255
255 127 151 252 129  94  68 118 199 156  24 206 151 213  40 255
255 255 255 255 141 235 181  87  87 255  60  40  40  40  73 255
255 255 255 255 255 255 255 255 255 255 255 255 255 255 255 255
255 255 255 255 255 255 255 255 255 255 255 255 255 255 255 255
255  73  40  40  40  60 255  40 208 114  60  40  40  40  73 255
255  40 213 151 206  24 187 118  81  88  24 206 151 213  40 255
255  40 151   0 135  24 250   0   6  88  24 135   0 151  40 255
255  40 206 135 199  24 177 132 120 177  24 199 135 206  40 255
255  60  24  24  24  46 103 186 186  88  46  24  24  24  60 255
255 114  88  88 177  88 197 150  19  88 103 166  93 156 255 255
255  40 174   2  93 250 199 199   0 105 199  93 249 174  87 255
255  40 174 195  93 231   0 199 156 167 181 106  62 137 255 255
255 181 219  90  41  79 110 236 105  30  88  88 255 255 114 255
255 235 245 254 120  22 152 250 250 239  46  24  24  24  60 255
255 154 184   8  64 120 130  30 123 166  24 199 135 206  40 255
255 255   0 247 120  30  90   0 199  93  24 135   0 151  40 255
255 127 151 252 129  94  68 118 199 156  24 206 151 213  40 255
255 255 255 255 141 235 181  87  87 255  60  40  40  40  73 255
255 255 255 255 255 255 255 255 255 255 255 255 255 255 255 255
